286,8
286,7
286,6
285,9
285,8
285,7
285,6
285,5
286,5
286,4
286,3
286,2
286,1
286,0
285,4
285,3
285,2
285,1
285,0
284,5
284,4
284,3
284,2
284,1
284,0
283,4
283,3
283,2
283,1
283,0
282,3
282,2
282,1
282,0
281,4
281,3
281,2
281,1
281,0
280,3
280,2
280,1
280,0
278,8
278,7
278,6
278,5
278,4
278,3
278,2
278,1
277,9
277,8
277,7
277,6
277,5
277,4
277,3
277,2
277,1
276,5
276,4
276,3
276,2
276,1
275,4
275,3
275,2
275,1
274,3
274,2
274,1
273,4
273,3
273,2
273,1
272,3
272,2
272,1
2,3
1,3
4,3
0,243
0,9
0,0
0,1
0,300
0,299
0,298
0,297
0,296
0,295
0,294
0,293
0,292
0,291
0,290
0,289
0,288
0,287
0,286
0,285
0,284
0,283
0,282
0,281
0,280
0,279
0,278
0,277
0,276
0,275
0,274
0,273
0,272
0,271
0,270
0,269
0,268
0,267
0,266
0,265
0,264
0,263
0,262
0,261
0,260
0,259
0,258
0,257
0,256
0,255
0,254
0,253
0,252
0,251
0,250
0,249
0,248
0,247
0,246
0,245
0,244
0,242
0,241
0,240
0,239
0,238
0,237
0,236
0,235
0,234
0,233
0,232
0,231
0,230
0,229
0,228
0,227
0,226
0,225
0,224
0,223
0,222
0,221
0,220
0,219
0,218
0,217
0,216
0,215
0,214
0,213
0,212
0,211
0,210
0,209
0,208
0,207
0,206
0,205
0,204
0,203
0,202
0,201
0,200
0,199
0,198
0,197
0,196
0,195
0,194
0,193
0,192
0,63
0,62
0,61
0,60
0,59
0,58
0,57
0,56
0,55
0,54
0,53
0,52
0,51
0,50
0,49
0,48
0,47
0,46
0,45
0,6
0,5
0,304
0,303
0,306
0,305
0,302
0,12
0,10
0,8
0,11
0,4
0,2
0,3
0,7
278,0
277,0
276,0
275,0
274,0
273,0
272,0
